ECFP4_Fingerprint_component	sign_Log2FC	rank_sum	rank_sum_rank
ECFP4_1171	1	12188	2048
ECFP4_0283	1	12151	2047
ECFP4_1057	1	12146	2046
ECFP4_1039	1	12135	2045
ECFP4_1911	-1	12114	2044
ECFP4_1060	1	12106	2043
ECFP4_1243	-1	12092	2042
ECFP4_0875	-1	12079	2041
ECFP4_0397	1	12069	2040
ECFP4_1274	1	12042	2039
ECFP4_1685	1	12040	2038
ECFP4_1816	-1	12028	2037
ECFP4_0237	1	12027	2036
ECFP4_0926	1	12011	2035
ECFP4_1088	1	12000	2034
ECFP4_0782	1	11974	2033
ECFP4_0667	-1	11971	2032
ECFP4_0001	1	11968	2031
ECFP4_1152	1	11964	2030
ECFP4_1325	-1	11952	2029
ECFP4_0446	-1	11948	2027
ECFP4_1017	1	11948	2027
ECFP4_1989	-1	11946	2026
ECFP4_1114	1	11945	2025
ECFP4_0739	-1	11910	2024
ECFP4_0225	1	11872	2023
ECFP4_0229	1	11871	2022
ECFP4_0807	1	11866	2021
ECFP4_1295	1	11864	2020
ECFP4_0384	1	11863	2019
ECFP4_0184	-1	11856	2018
ECFP4_1145	-1	11845	2017
ECFP4_1946	1	11844	2016
ECFP4_1769	1	11834	2015
ECFP4_1048	1	11825	2014
ECFP4_1386	1	11822	2013
ECFP4_0140	1	11806	2012
ECFP4_1349	1	11801	2010
ECFP4_1917	1	11801	2010
ECFP4_0294	1	11797	2009
ECFP4_1380	1	11770	2008
ECFP4_1309	1	11764	2007
ECFP4_0718	-1	11756	2006
ECFP4_1162	1	11732	2005
ECFP4_0316	1	11725	2004
ECFP4_2009	-1	11706	2003
ECFP4_1603	1	11700	2002
ECFP4_1236	1	11695	2001
ECFP4_1708	1	11691	2000
ECFP4_1564	-1	11690	1999
ECFP4_1873	1	11689	1998
ECFP4_0787	1	11674	1997
ECFP4_0695	1	11673	1996
ECFP4_0013	-1	11671	1995
ECFP4_0843	-1	11669	1994
ECFP4_0547	1	11662	1993
ECFP4_0786	1	11661	1992
ECFP4_2033	1	11658	1991
ECFP4_0628	1	11655	1990
ECFP4_1447	1	11643	1989
ECFP4_1200	1	11619	1988
ECFP4_1457	1	11617	1986
ECFP4_1908	1	11617	1986
ECFP4_0319	-1	11616	1985
ECFP4_1981	1	11613	1984
ECFP4_1991	1	11606	1983
ECFP4_0715	-1	11603	1982
ECFP4_0650	1	11600	1981
ECFP4_1855	-1	11592	1980
ECFP4_1919	1	11588	1979
ECFP4_0816	-1	11587	1978
ECFP4_1747	1	11575	1977
ECFP4_0325	1	11574	1976
ECFP4_1697	-1	11560	1975
ECFP4_1536	-1	11539	1974
ECFP4_1004	1	11533	1973
ECFP4_1199	1	11465	1972
ECFP4_0655	1	11453	1971
ECFP4_0800	-1	11432	1970
ECFP4_1208	1	11428	1969
ECFP4_0581	1	11413	1968
ECFP4_1959	1	11405	1967
ECFP4_0191	-1	11404	1966
ECFP4_0837	1	11402	1965
ECFP4_0227	1	11401	1964
ECFP4_1481	1	11382	1963
ECFP4_0711	1	11374	1962
ECFP4_1366	1	11371	1961
ECFP4_0370	1	11365	1960
ECFP4_1982	1	11357	1959
ECFP4_0891	1	11344	1958
ECFP4_0396	1	11314	1957
ECFP4_1923	1	11304	1956
ECFP4_0552	1	11288	1955
ECFP4_1550	1	11283	1953
ECFP4_2020	1	11283	1953
ECFP4_1022	1	11280	1952
ECFP4_0523	1	11274	1951
ECFP4_0690	1	11271	1950
ECFP4_1294	1	11238	1949
ECFP4_1365	1	11233	1948
ECFP4_0706	1	11223	1947
ECFP4_0898	1	11217	1946
ECFP4_1999	1	11208	1945
ECFP4_1690	-1	11201	1944
ECFP4_0249	-1	11197	1943
ECFP4_1897	1	11196	1942
ECFP4_1781	1	11177	1941
ECFP4_0255	1	11162	1940
ECFP4_1480	-1	11160	1939
ECFP4_1866	1	11149	1938
ECFP4_0724	-1	11141	1937
ECFP4_1960	1	11134	1936
ECFP4_0261	1	11128	1935
ECFP4_1980	1	11124	1934
ECFP4_0092	-1	11122	1932
ECFP4_1535	1	11122	1932
ECFP4_1224	1	11109	1931
ECFP4_0241	-1	11104	1930
ECFP4_0366	-1	11097	1929
ECFP4_1470	1	11088	1928
ECFP4_0781	-1	11079	1927
ECFP4_0679	1	11058	1925
ECFP4_1773	-1	11058	1925
ECFP4_1442	-1	11054	1924
ECFP4_1245	-1	11050	1923
ECFP4_1338	1	11049	1922
ECFP4_0034	1	11046	1920
ECFP4_0910	1	11046	1920
ECFP4_0118	-1	11025	1919
ECFP4_0942	-1	10994	1918
ECFP4_1183	-1	10993	1917
ECFP4_0042	-1	10990	1916
ECFP4_0504	-1	10984	1915
ECFP4_0674	1	10976	1914
ECFP4_0862	1	10963	1913
ECFP4_0470	1	10962	1912
ECFP4_0828	-1	10960	1911
ECFP4_0171	1	10958	1910
ECFP4_0656	1	10952	1909
ECFP4_1005	-1	10943	1908
ECFP4_1951	-1	10942	1907
ECFP4_0369	-1	10937	1906
ECFP4_1077	-1	10933	1905
ECFP4_0992	1	10923	1904
ECFP4_1729	-1	10915	1903
ECFP4_1416	1	10909	1902
ECFP4_1265	1	10907	1901
ECFP4_1085	1	10905	1900
ECFP4_0248	-1	10897	1899
ECFP4_0585	-1	10891	1898
ECFP4_1307	1	10881	1897
ECFP4_0193	-1	10876	1896
ECFP4_1840	-1	10869	1895
ECFP4_0252	1	10865	1894
ECFP4_0301	1	10863	1893
ECFP4_1766	-1	10857	1892
ECFP4_0422	1	10854	1891
ECFP4_1956	-1	10830	1890
ECFP4_0831	-1	10820	1889
ECFP4_0841	-1	10816	1888
ECFP4_0341	-1	10803	1887
ECFP4_1582	1	10795	1886
ECFP4_1063	1	10791	1885
ECFP4_0385	-1	10768	1884
ECFP4_0747	-1	10753	1883
ECFP4_0773	1	10745	1882
ECFP4_0699	-1	10742	1881
ECFP4_1468	-1	10720	1880
ECFP4_0162	-1	10717	1879
ECFP4_0835	-1	10705	1878
ECFP4_1357	-1	10693	1877
ECFP4_1832	1	10691	1876
ECFP4_0984	1	10683	1875
ECFP4_0561	-1	10679	1874
ECFP4_0027	1	10670	1873
ECFP4_1554	-1	10664	1872
ECFP4_1128	1	10651	1871
ECFP4_1027	1	10649	1870
ECFP4_0216	-1	10636	1869
ECFP4_1744	1	10621	1868
ECFP4_1998	1	10612	1867
ECFP4_1722	1	10594	1866
ECFP4_0235	-1	10583	1865
ECFP4_0708	1	10577	1864
ECFP4_1724	1	10541	1863
ECFP4_1507	1	10531	1862
ECFP4_1928	-1	10530	1861
ECFP4_0041	-1	10523	1860
ECFP4_2018	1	10512	1859
ECFP4_1950	1	10507	1858
ECFP4_0371	1	10506	1857
ECFP4_0094	-1	10503	1856
ECFP4_1249	1	10491	1855
ECFP4_0238	1	10463	1854
ECFP4_0914	1	10443	1853
ECFP4_0794	-1	10441	1852
ECFP4_0588	-1	10435	1851
ECFP4_0030	1	10430	1850
ECFP4_0391	1	10427	1849
ECFP4_1053	1	10425	1848
ECFP4_0556	1	10423	1847
ECFP4_1452	1	10406	1846
ECFP4_0031	-1	10399	1845
ECFP4_1043	-1	10398	1844
ECFP4_0352	1	10378	1843
ECFP4_1126	1	10365	1842
ECFP4_0903	1	10362	1841
ECFP4_2029	1	10351	1840
ECFP4_1308	1	10350	1839
ECFP4_1589	-1	10346	1838
ECFP4_1124	1	10337	1837
ECFP4_0809	-1	10318	1836
ECFP4_1351	1	10308	1835
ECFP4_1006	1	10300	1834
ECFP4_0745	1	10298	1833
ECFP4_0222	1	10289	1832
ECFP4_1754	-1	10279	1831
ECFP4_1241	1	10271	1830
ECFP4_0344	1	10270	1829
ECFP4_0119	-1	10265	1828
ECFP4_1226	-1	10253	1827
ECFP4_1157	-1	10228	1826
ECFP4_0775	1	10226	1825
ECFP4_1326	1	10219	1824
ECFP4_1770	-1	10217	1823
ECFP4_0545	1	10213	1822
ECFP4_1035	-1	10203	1821
ECFP4_0610	1	10187	1820
ECFP4_1731	-1	10180	1819
ECFP4_1025	1	10177	1818
ECFP4_1599	1	10169	1817
ECFP4_1831	1	10165	1816
ECFP4_0574	1	10151	1815
ECFP4_0413	-1	10148	1814
ECFP4_1602	1	10143	1813
ECFP4_0932	1	10130	1812
ECFP4_0748	1	10129	1811
ECFP4_1163	-1	10123	1810
ECFP4_0389	-1	10120	1809
ECFP4_1638	1	10115	1808
ECFP4_0395	1	10110	1807
ECFP4_0447	1	10102	1806
ECFP4_0383	-1	10095	1805
ECFP4_0233	-1	10083	1804
ECFP4_0102	-1	10051	1803
ECFP4_0531	-1	10049	1802
ECFP4_1418	1	10048	1801
ECFP4_0713	1	10036	1800
ECFP4_1056	1	10029	1799
ECFP4_0684	1	10023	1798
ECFP4_0675	1	10022	1797
ECFP4_1385	-1	10021	1796
ECFP4_0050	1	10018	1795
ECFP4_1876	-1	10014	1794
ECFP4_1238	1	10000	1793
ECFP4_1339	-1	9988	1792
ECFP4_0314	1	9983	1791
ECFP4_1627	1	9964	1790
ECFP4_1646	-1	9961	1789
ECFP4_1655	-1	9958	1788
ECFP4_0061	1	9943	1786
ECFP4_1581	1	9943	1786
ECFP4_0978	-1	9939	1785
ECFP4_0732	1	9920	1784
ECFP4_0974	-1	9911	1783
ECFP4_1441	1	9903	1782
ECFP4_0609	1	9890	1781
ECFP4_1990	-1	9889	1780
ECFP4_0832	-1	9886	1779
ECFP4_0474	-1	9872	1777
ECFP4_1464	1	9872	1777
ECFP4_0614	1	9854	1776
ECFP4_0606	1	9847	1775
ECFP4_1504	-1	9808	1774
ECFP4_1137	-1	9801	1773
ECFP4_0981	1	9799	1772
ECFP4_0821	-1	9793	1770
ECFP4_0935	-1	9793	1770
ECFP4_1432	1	9780	1769
ECFP4_1905	1	9775	1768
ECFP4_1750	1	9774	1767
ECFP4_1508	-1	9750	1766
ECFP4_0219	1	9746	1765
ECFP4_0378	1	9745	1764
ECFP4_1460	1	9741	1763
ECFP4_0987	1	9730	1762
ECFP4_1670	-1	9727	1760
ECFP4_1929	-1	9727	1760
ECFP4_2004	1	9726	1759
ECFP4_0591	-1	9720	1758
ECFP4_1691	-1	9712	1757
ECFP4_0527	-1	9711	1756
ECFP4_1742	-1	9710	1755
ECFP4_0333	1	9704	1753
ECFP4_1604	-1	9704	1753
ECFP4_1574	-1	9698	1752
ECFP4_0197	-1	9694	1751
ECFP4_0387	-1	9688	1750
ECFP4_0347	1	9678	1749
ECFP4_1879	1	9661	1747
ECFP4_1926	-1	9661	1747
ECFP4_1002	1	9655	1746
ECFP4_1019	1	9654	1745
ECFP4_1323	1	9653	1744
ECFP4_1083	1	9652	1743
ECFP4_1683	-1	9650	1742
ECFP4_1136	-1	9646	1741
ECFP4_1762	-1	9632	1740
ECFP4_1476	-1	9622	1739
ECFP4_1705	1	9618	1738
ECFP4_1573	-1	9612	1737
ECFP4_1392	1	9611	1736
ECFP4_0407	-1	9610	1735
ECFP4_0231	-1	9601	1734
ECFP4_1034	-1	9596	1733
ECFP4_0583	1	9581	1732
ECFP4_0524	1	9571	1731
ECFP4_0257	-1	9570	1730
ECFP4_0132	1	9568	1729
ECFP4_0106	1	9563	1728
ECFP4_1055	1	9554	1727
ECFP4_1275	-1	9551	1726
ECFP4_0131	1	9546	1725
ECFP4_0562	1	9535	1724
ECFP4_1963	1	9531	1723
ECFP4_1239	1	9517	1722
ECFP4_0861	1	9508	1721
ECFP4_1682	-1	9496	1720
ECFP4_0373	-1	9481	1719
ECFP4_1634	-1	9477	1718
ECFP4_1029	1	9476	1717
ECFP4_0602	1	9464	1716
ECFP4_1727	1	9461	1715
ECFP4_1984	-1	9449	1714
ECFP4_0108	1	9448	1713
ECFP4_0634	1	9444	1712
ECFP4_0318	-1	9433	1711
ECFP4_1765	-1	9432	1710
ECFP4_1440	1	9429	1709
ECFP4_0302	1	9428	1708
ECFP4_0218	-1	9422	1707
ECFP4_0125	1	9417	1705
ECFP4_0258	1	9417	1705
ECFP4_0260	1	9410	1704
ECFP4_1910	-1	9409	1702
ECFP4_2010	-1	9409	1702
ECFP4_1367	-1	9401	1701
ECFP4_0114	-1	9396	1700
ECFP4_1146	1	9388	1699
ECFP4_1147	1	9386	1698
ECFP4_0080	1	9385	1696
ECFP4_0855	-1	9385	1696
ECFP4_1799	1	9376	1695
ECFP4_1506	-1	9373	1694
ECFP4_0232	1	9371	1692
ECFP4_0996	-1	9371	1692
ECFP4_1369	1	9358	1691
ECFP4_0381	1	9355	1690
ECFP4_0652	-1	9336	1689
ECFP4_1597	1	9326	1688
ECFP4_1172	1	9308	1687
ECFP4_0327	-1	9299	1686
ECFP4_0444	-1	9294	1684
ECFP4_0838	1	9294	1684
ECFP4_1354	1	9293	1683
ECFP4_1922	1	9285	1682
ECFP4_0204	-1	9283	1681
ECFP4_0008	-1	9248	1680
ECFP4_0451	1	9240	1679
ECFP4_1045	-1	9233	1678
ECFP4_0640	-1	9231	1677
ECFP4_1329	-1	9223	1676
ECFP4_1455	-1	9211	1675
ECFP4_0734	1	9210	1674
ECFP4_0437	-1	9201	1672
ECFP4_1382	-1	9201	1672
ECFP4_0243	1	9187	1671
ECFP4_1344	1	9185	1670
ECFP4_0305	1	9173	1668
ECFP4_2023	1	9173	1668
ECFP4_0896	-1	9169	1667
ECFP4_0084	1	9162	1666
ECFP4_0999	-1	9161	1665
ECFP4_1892	1	9150	1664
ECFP4_1716	1	9138	1662
ECFP4_1909	1	9138	1662
ECFP4_0246	-1	9125	1661
ECFP4_1953	1	9122	1660
ECFP4_0430	1	9101	1659
ECFP4_1487	-1	9099	1658
ECFP4_0292	1	9094	1657
ECFP4_1738	1	9081	1656
ECFP4_1119	1	9075	1655
ECFP4_1796	1	9058	1654
ECFP4_0895	-1	9054	1652
ECFP4_1586	1	9054	1652
ECFP4_0859	1	9051	1651
ECFP4_0081	1	9047	1650
ECFP4_0496	1	9041	1649
ECFP4_0900	1	9039	1648
ECFP4_0507	-1	9020	1647
ECFP4_1129	1	9005	1646
ECFP4_0403	1	9000	1644
ECFP4_1693	1	9000	1644
ECFP4_1141	1	8996	1643
ECFP4_1898	1	8991	1642
ECFP4_1105	-1	8988	1641
ECFP4_0281	-1	8982	1640
ECFP4_0883	-1	8977	1639
ECFP4_0322	1	8965	1638
ECFP4_2007	1	8961	1637
ECFP4_1795	-1	8959	1636
ECFP4_0998	1	8956	1635
ECFP4_1462	-1	8948	1634
ECFP4_0559	1	8946	1631
ECFP4_1089	1	8946	1631
ECFP4_1160	-1	8946	1631
ECFP4_1482	-1	8945	1630
ECFP4_1985	1	8941	1629
ECFP4_0157	1	8939	1628
ECFP4_0273	1	8932	1627
ECFP4_1431	-1	8930	1626
ECFP4_0802	-1	8919	1625
ECFP4_0541	1	8895	1624
ECFP4_0899	-1	8887	1622
ECFP4_1617	1	8887	1622
ECFP4_1648	1	8882	1621
ECFP4_0069	1	8871	1620
ECFP4_0798	-1	8861	1619
ECFP4_0658	1	8859	1618
ECFP4_0664	1	8837	1616
ECFP4_1657	1	8837	1616
ECFP4_2022	1	8821	1615
ECFP4_1132	1	8816	1614
ECFP4_0570	1	8814	1613
ECFP4_0170	1	8810	1612
ECFP4_0276	1	8801	1611
ECFP4_0668	1	8789	1610
ECFP4_1260	-1	8787	1609
ECFP4_1443	1	8770	1608
ECFP4_0694	-1	8764	1607
ECFP4_0284	1	8763	1606
ECFP4_1692	1	8760	1605
ECFP4_0811	1	8753	1604
ECFP4_0789	1	8745	1602
ECFP4_1332	1	8745	1602
ECFP4_0884	1	8741	1601
ECFP4_0075	1	8707	1599
ECFP4_0750	1	8707	1599
ECFP4_0889	1	8691	1597
ECFP4_1569	1	8691	1597
ECFP4_0103	1	8687	1596
ECFP4_1184	-1	8686	1595
ECFP4_1972	-1	8673	1594
ECFP4_1567	-1	8669	1593
ECFP4_0820	-1	8664	1592
ECFP4_1434	-1	8662	1590
ECFP4_1817	-1	8662	1590
ECFP4_0619	1	8646	1589
ECFP4_0757	-1	8644	1588
ECFP4_1076	1	8643	1587
ECFP4_1741	1	8640	1586
ECFP4_0023	1	8632	1585
ECFP4_1791	-1	8626	1584
ECFP4_1814	-1	8622	1583
ECFP4_1134	1	8617	1582
ECFP4_0440	1	8616	1581
ECFP4_1101	1	8614	1580
ECFP4_1164	-1	8609	1579
ECFP4_0134	1	8598	1578
ECFP4_1810	-1	8592	1577
ECFP4_0425	-1	8589	1576
ECFP4_0350	-1	8587	1575
ECFP4_1818	1	8568	1574
ECFP4_1853	-1	8537	1573
ECFP4_1096	1	8533	1572
ECFP4_0016	1	8501	1571
ECFP4_1823	1	8496	1570
ECFP4_0597	-1	8490	1569
ECFP4_0573	1	8488	1567
ECFP4_1037	1	8488	1567
ECFP4_0879	-1	8472	1565
ECFP4_1261	1	8472	1565
ECFP4_1028	-1	8471	1564
ECFP4_0813	1	8468	1562
ECFP4_1410	-1	8468	1562
ECFP4_0377	1	8458	1561
ECFP4_0014	-1	8448	1560
ECFP4_0970	1	8441	1559
ECFP4_1542	-1	8439	1558
ECFP4_0039	1	8433	1557
ECFP4_0491	1	8430	1556
ECFP4_0478	1	8425	1555
ECFP4_1735	1	8421	1554
ECFP4_0947	1	8414	1553
ECFP4_1398	-1	8402	1552
ECFP4_1103	-1	8401	1551
ECFP4_0418	1	8395	1549
ECFP4_1624	1	8395	1549
ECFP4_1885	1	8394	1548
ECFP4_1250	1	8383	1547
ECFP4_0012	1	8374	1546
ECFP4_0776	1	8364	1545
ECFP4_1635	1	8356	1544
ECFP4_0878	-1	8349	1543
ECFP4_1065	-1	8343	1542
ECFP4_0029	-1	8340	1540
ECFP4_1664	1	8340	1540
ECFP4_1500	1	8337	1539
ECFP4_1257	1	8334	1538
ECFP4_0738	-1	8329	1536
ECFP4_1851	1	8329	1536
ECFP4_1921	-1	8304	1535
ECFP4_1218	1	8296	1534
ECFP4_1934	-1	8290	1533
ECFP4_0312	-1	8287	1532
ECFP4_0351	1	8284	1531
ECFP4_2036	-1	8268	1530
ECFP4_1575	-1	8267	1529
ECFP4_1123	-1	8266	1528
ECFP4_0079	1	8258	1527
ECFP4_0918	1	8257	1526
ECFP4_0845	1	8248	1525
ECFP4_1270	1	8246	1524
ECFP4_0005	1	8241	1522
ECFP4_0854	1	8241	1522
ECFP4_2000	-1	8240	1521
ECFP4_1246	1	8233	1520
ECFP4_1954	1	8225	1519
ECFP4_1186	1	8223	1518
ECFP4_0677	1	8219	1517
ECFP4_0291	1	8216	1515
ECFP4_0471	-1	8216	1515
ECFP4_1647	1	8211	1514
ECFP4_1696	1	8210	1513
ECFP4_0317	-1	8199	1512
ECFP4_0703	1	8196	1511
ECFP4_0980	-1	8193	1510
ECFP4_1453	-1	8192	1509
ECFP4_1665	-1	8185	1508
ECFP4_0025	-1	8178	1507
ECFP4_1450	1	8159	1506
ECFP4_0937	1	8151	1505
ECFP4_1190	1	8149	1504
ECFP4_0339	1	8135	1503
ECFP4_1518	-1	8124	1502
ECFP4_1808	-1	8122	1501
ECFP4_0616	1	8121	1499
ECFP4_1388	1	8121	1499
ECFP4_0644	1	8114	1498
ECFP4_1154	1	8110	1497
ECFP4_0033	-1	8104	1495
ECFP4_1409	-1	8104	1495
ECFP4_1825	-1	8097	1494
ECFP4_0824	1	8094	1493
ECFP4_1714	1	8092	1492
ECFP4_1510	-1	8085	1491
ECFP4_0057	1	8081	1490
ECFP4_1526	1	8080	1489
ECFP4_0881	-1	8070	1488
ECFP4_1109	1	8069	1487
ECFP4_0681	1	8056	1486
ECFP4_0196	-1	8040	1485
ECFP4_1229	-1	8034	1484
ECFP4_0726	1	8032	1483
ECFP4_0091	1	8028	1482
ECFP4_0146	1	8023	1481
ECFP4_0785	-1	8019	1480
ECFP4_0500	1	8015	1479
ECFP4_1174	1	8009	1478
ECFP4_0423	1	8005	1477
ECFP4_1937	-1	8003	1476
ECFP4_1333	1	7998	1475
ECFP4_0815	-1	7993	1474
ECFP4_0464	-1	7992	1473
ECFP4_1373	-1	7985	1472
ECFP4_0666	-1	7978	1471
ECFP4_0448	-1	7968	1470
ECFP4_1974	1	7958	1469
ECFP4_2041	1	7946	1468
ECFP4_1958	1	7937	1467
ECFP4_1280	1	7933	1466
ECFP4_1406	1	7927	1465
ECFP4_0594	-1	7923	1463
ECFP4_2031	-1	7923	1463
ECFP4_0915	1	7911	1462
ECFP4_1310	-1	7909	1461
ECFP4_0147	1	7905	1460
ECFP4_0374	-1	7898	1459
ECFP4_1695	-1	7891	1458
ECFP4_0180	1	7887	1457
ECFP4_2034	-1	7884	1456
ECFP4_0494	1	7879	1455
ECFP4_1118	-1	7862	1454
ECFP4_0107	-1	7856	1451
ECFP4_0577	1	7856	1451
ECFP4_2026	1	7856	1451
ECFP4_0719	1	7847	1450
ECFP4_1598	-1	7841	1449
ECFP4_1391	1	7840	1448
ECFP4_0120	1	7834	1447
ECFP4_0200	1	7828	1446
ECFP4_1387	1	7824	1445
ECFP4_1384	1	7811	1444
ECFP4_1010	1	7785	1443
ECFP4_0244	-1	7760	1442
ECFP4_0863	-1	7757	1441
ECFP4_1779	1	7740	1440
ECFP4_0077	1	7735	1439
ECFP4_0116	1	7731	1438
ECFP4_0066	1	7721	1437
ECFP4_1210	-1	7709	1436
ECFP4_1121	-1	7708	1434
ECFP4_1878	1	7708	1434
ECFP4_0554	-1	7705	1433
ECFP4_0206	-1	7704	1432
ECFP4_1783	-1	7703	1431
ECFP4_0635	-1	7696	1430
ECFP4_1838	1	7695	1429
ECFP4_0148	-1	7673	1428
ECFP4_0520	1	7656	1427
ECFP4_0836	1	7641	1426
ECFP4_1940	-1	7637	1425
ECFP4_1900	1	7636	1424
ECFP4_0331	1	7628	1423
ECFP4_1756	1	7624	1422
ECFP4_0661	1	7612	1421
ECFP4_1444	-1	7609	1420
ECFP4_0940	-1	7608	1419
ECFP4_0145	1	7596	1418
ECFP4_1883	1	7593	1417
ECFP4_0473	-1	7588	1416
ECFP4_1901	1	7585	1415
ECFP4_1075	1	7563	1414
ECFP4_0427	1	7561	1413
ECFP4_0905	1	7557	1412
ECFP4_1018	-1	7536	1411
ECFP4_0454	-1	7534	1410
ECFP4_0441	1	7512	1409
ECFP4_1509	1	7507	1408
ECFP4_2037	1	7504	1407
ECFP4_1632	1	7503	1406
ECFP4_0497	-1	7497	1405
ECFP4_1312	-1	7495	1403
ECFP4_1703	-1	7495	1403
ECFP4_1578	-1	7492	1402
ECFP4_1021	1	7487	1401
ECFP4_0508	1	7483	1400
ECFP4_0528	1	7480	1398
ECFP4_0659	1	7480	1398
ECFP4_1054	1	7479	1397
ECFP4_1449	-1	7466	1396
ECFP4_1362	-1	7464	1395
ECFP4_1195	1	7457	1394
ECFP4_1861	-1	7448	1393
ECFP4_0834	1	7447	1392
ECFP4_1381	-1	7444	1391
ECFP4_1970	-1	7437	1390
ECFP4_1904	-1	7434	1389
ECFP4_0849	-1	7431	1388
ECFP4_0544	1	7423	1387
ECFP4_1135	1	7419	1386
ECFP4_1971	-1	7415	1385
ECFP4_0758	1	7403	1384
ECFP4_1070	-1	7402	1383
ECFP4_0090	-1	7401	1382
ECFP4_0511	-1	7395	1381
ECFP4_1212	1	7392	1380
ECFP4_0950	1	7377	1379
ECFP4_1748	1	7374	1378
ECFP4_0717	1	7364	1377
ECFP4_0067	1	7350	1376
ECFP4_0629	1	7333	1375
ECFP4_1587	1	7329	1374
ECFP4_0514	1	7321	1373
ECFP4_0710	1	7318	1372
ECFP4_0487	1	7299	1371
ECFP4_1285	1	7297	1370
ECFP4_0393	-1	7287	1369
ECFP4_1611	1	7276	1368
ECFP4_1231	-1	7272	1367
ECFP4_1272	1	7248	1366
ECFP4_0213	-1	7235	1365
ECFP4_0502	1	7230	1364
ECFP4_0771	-1	7220	1363
ECFP4_1497	1	7214	1362
ECFP4_1537	1	7210	1361
ECFP4_0129	1	7208	1360
ECFP4_1066	-1	7206	1359
ECFP4_1659	1	7203	1358
ECFP4_0412	-1	7193	1357
ECFP4_1189	1	7191	1356
ECFP4_0569	-1	7186	1355
ECFP4_1170	-1	7181	1353
ECFP4_1871	1	7181	1353
ECFP4_1493	1	7180	1352
ECFP4_0375	1	7177	1351
ECFP4_1969	-1	7176	1350
ECFP4_0111	1	7173	1348
ECFP4_0434	1	7173	1348
ECFP4_1166	1	7170	1347
ECFP4_1020	-1	7154	1346
ECFP4_0086	1	7148	1343
ECFP4_0518	-1	7148	1343
ECFP4_0607	-1	7148	1343
ECFP4_1820	1	7147	1342
ECFP4_0482	1	7135	1341
ECFP4_0093	-1	7133	1340
ECFP4_0165	-1	7131	1339
ECFP4_0968	1	7128	1338
ECFP4_1699	1	7127	1337
ECFP4_0328	-1	7126	1336
ECFP4_0647	1	7119	1335
ECFP4_1563	1	7111	1334
ECFP4_0309	1	7103	1332
ECFP4_1286	1	7103	1332
ECFP4_1182	-1	7098	1330
ECFP4_1852	-1	7098	1330
ECFP4_0026	1	7091	1329
ECFP4_1203	-1	7087	1328
ECFP4_1255	1	7084	1327
ECFP4_0164	1	7080	1326
ECFP4_1321	1	7075	1324
ECFP4_1891	1	7075	1324
ECFP4_0338	1	7071	1323
ECFP4_0924	-1	7064	1322
ECFP4_0098	-1	7050	1321
ECFP4_1026	1	7048	1320
ECFP4_0689	1	7045	1319
ECFP4_0172	-1	7035	1318
ECFP4_0078	1	7027	1317
ECFP4_1533	1	7008	1316
ECFP4_0755	-1	7006	1315
ECFP4_1613	1	7004	1314
ECFP4_0417	1	6998	1313
ECFP4_0405	1	6990	1312
ECFP4_1803	-1	6983	1311
ECFP4_1544	1	6968	1310
ECFP4_1679	-1	6957	1309
ECFP4_0961	-1	6953	1308
ECFP4_1522	-1	6932	1307
ECFP4_0885	-1	6924	1306
ECFP4_0766	-1	6923	1305
ECFP4_1052	1	6920	1304
ECFP4_1013	1	6916	1303
ECFP4_1342	-1	6902	1302
ECFP4_0846	1	6887	1301
ECFP4_1334	1	6886	1300
ECFP4_0624	-1	6881	1298
ECFP4_1394	-1	6881	1298
ECFP4_1363	-1	6874	1296
ECFP4_2032	-1	6874	1296
ECFP4_1439	1	6870	1295
ECFP4_1368	1	6866	1294
ECFP4_0967	-1	6864	1293
ECFP4_0986	1	6863	1292
ECFP4_0888	1	6861	1291
ECFP4_0072	-1	6851	1290
ECFP4_0310	-1	6850	1289
ECFP4_0865	1	6842	1288
ECFP4_0253	1	6840	1287
ECFP4_1726	1	6836	1286
ECFP4_0392	-1	6834	1285
ECFP4_2039	1	6832	1284
ECFP4_0512	-1	6827	1283
ECFP4_0654	1	6823	1282
ECFP4_0242	-1	6819	1281
ECFP4_1539	-1	6818	1280
ECFP4_1673	1	6816	1279
ECFP4_2030	-1	6815	1278
ECFP4_0122	1	6813	1277
ECFP4_0239	-1	6809	1276
ECFP4_1975	1	6807	1275
ECFP4_2028	1	6801	1274
ECFP4_0334	-1	6793	1273
ECFP4_0177	1	6788	1272
ECFP4_0874	1	6778	1271
ECFP4_0543	1	6773	1270
ECFP4_2021	-1	6758	1269
ECFP4_1459	1	6755	1268
ECFP4_0187	1	6753	1266
ECFP4_0641	-1	6753	1266
ECFP4_1317	1	6748	1265
ECFP4_0043	1	6740	1263
ECFP4_0113	1	6740	1263
ECFP4_1645	-1	6732	1262
ECFP4_0416	1	6729	1261
ECFP4_1233	-1	6719	1259
ECFP4_1884	-1	6719	1259
ECFP4_0169	1	6717	1258
ECFP4_2038	1	6714	1257
ECFP4_1072	1	6709	1256
ECFP4_0117	-1	6706	1254
ECFP4_0982	1	6706	1254
ECFP4_1669	-1	6705	1253
ECFP4_0913	1	6701	1252
ECFP4_1097	-1	6691	1251
ECFP4_1941	1	6686	1250
ECFP4_1492	1	6684	1249
ECFP4_0956	1	6678	1248
ECFP4_0346	1	6676	1247
ECFP4_1277	1	6674	1246
ECFP4_1849	-1	6666	1245
ECFP4_0812	1	6664	1244
ECFP4_1292	1	6658	1243
ECFP4_0207	-1	6651	1242
ECFP4_0909	-1	6650	1241
ECFP4_0665	1	6647	1240
ECFP4_0367	1	6640	1238
ECFP4_1671	1	6640	1238
ECFP4_0759	1	6639	1236
ECFP4_1032	1	6639	1236
ECFP4_0560	1	6637	1235
ECFP4_1809	-1	6632	1234
ECFP4_0215	-1	6629	1233
ECFP4_1920	-1	6621	1232
ECFP4_0269	1	6618	1231
ECFP4_1890	1	6614	1230
ECFP4_1755	1	6611	1229
ECFP4_0486	-1	6610	1228
ECFP4_0105	-1	6604	1227
ECFP4_1650	1	6602	1226
ECFP4_1062	1	6599	1225
ECFP4_1403	-1	6597	1224
ECFP4_1869	1	6595	1223
ECFP4_0563	1	6580	1222
ECFP4_1615	1	6578	1221
ECFP4_0199	1	6568	1217
ECFP4_0596	-1	6568	1217
ECFP4_0753	1	6568	1217
ECFP4_0790	1	6568	1217
ECFP4_1978	1	6567	1216
ECFP4_0736	-1	6564	1215
ECFP4_0517	1	6558	1214
ECFP4_0230	1	6553	1213
ECFP4_0183	1	6552	1212
ECFP4_0676	-1	6551	1211
ECFP4_1080	1	6550	1210
ECFP4_1737	1	6548	1209
ECFP4_0540	1	6547	1208
ECFP4_0455	-1	6546	1207
ECFP4_0429	1	6537	1206
ECFP4_1090	-1	6531	1205
ECFP4_0858	1	6524	1204
ECFP4_2005	1	6522	1203
ECFP4_1486	1	6520	1202
ECFP4_1159	-1	6517	1201
ECFP4_0725	-1	6511	1200
ECFP4_0287	-1	6507	1199
ECFP4_0907	1	6500	1198
ECFP4_1102	1	6497	1197
ECFP4_1282	1	6494	1196
ECFP4_0963	1	6493	1195
ECFP4_0335	-1	6486	1194
ECFP4_1168	-1	6482	1193
ECFP4_0954	1	6474	1192
ECFP4_0190	1	6472	1191
ECFP4_0142	1	6469	1190
ECFP4_0439	1	6468	1189
ECFP4_1180	-1	6463	1188
ECFP4_0490	1	6459	1187
ECFP4_1267	-1	6458	1185
ECFP4_1718	-1	6458	1185
ECFP4_0791	1	6457	1184
ECFP4_0288	1	6454	1183
ECFP4_0801	1	6450	1182
ECFP4_1943	-1	6429	1181
ECFP4_1844	1	6428	1180
ECFP4_1485	1	6405	1179
ECFP4_0453	1	6399	1178
ECFP4_0003	1	6393	1177
ECFP4_1011	1	6391	1176
ECFP4_0438	1	6389	1175
ECFP4_0760	1	6388	1172
ECFP4_1523	1	6388	1172
ECFP4_1723	1	6388	1172
ECFP4_1775	1	6369	1171
ECFP4_0130	1	6365	1170
ECFP4_1488	1	6363	1169
ECFP4_0772	1	6362	1167
ECFP4_1288	1	6362	1167
ECFP4_1824	-1	6357	1166
ECFP4_0483	1	6321	1165
ECFP4_0944	1	6308	1164
ECFP4_0770	1	6307	1163
ECFP4_1631	-1	6298	1162
ECFP4_1842	1	6283	1161
ECFP4_1562	-1	6274	1160
ECFP4_0901	-1	6271	1159
ECFP4_0414	1	6267	1158
ECFP4_0567	1	6265	1157
ECFP4_1619	1	6262	1156
ECFP4_0526	-1	6255	1154
ECFP4_1874	1	6255	1154
ECFP4_0576	1	6253	1153
ECFP4_0022	1	6252	1152
ECFP4_1939	-1	6248	1151
ECFP4_0217	-1	6240	1150
ECFP4_0622	-1	6238	1149
ECFP4_0160	1	6235	1148
ECFP4_1235	-1	6234	1147
ECFP4_1760	1	6228	1146
ECFP4_0994	-1	6226	1145
ECFP4_1298	1	6224	1144
ECFP4_1340	-1	6218	1143
ECFP4_0566	1	6215	1142
ECFP4_1094	1	6209	1141
ECFP4_1264	-1	6206	1140
ECFP4_1753	-1	6204	1139
ECFP4_1745	1	6200	1138
ECFP4_1751	1	6199	1137
ECFP4_0320	1	6198	1136
ECFP4_0110	-1	6184	1135
ECFP4_0386	1	6183	1133
ECFP4_0743	-1	6183	1133
ECFP4_1813	1	6181	1132
ECFP4_0495	1	6180	1131
ECFP4_0936	1	6173	1130
ECFP4_0368	-1	6171	1129
ECFP4_1347	1	6164	1128
ECFP4_0419	1	6163	1127
ECFP4_1677	1	6150	1126
ECFP4_0558	1	6147	1125
ECFP4_1804	1	6140	1124
ECFP4_0245	1	6138	1123
ECFP4_0326	1	6125	1121
ECFP4_0557	-1	6125	1121
ECFP4_0002	-1	6121	1120
ECFP4_0410	-1	6120	1119
ECFP4_1248	1	6119	1118
ECFP4_1448	1	6112	1117
ECFP4_0463	1	6111	1116
ECFP4_1003	1	6103	1115
ECFP4_0638	1	6100	1113
ECFP4_1169	-1	6100	1113
ECFP4_0692	1	6098	1111
ECFP4_1837	-1	6098	1111
ECFP4_1538	1	6095	1110
ECFP4_0598	1	6092	1109
ECFP4_0693	1	6091	1108
ECFP4_1721	-1	6088	1107
ECFP4_0997	-1	6084	1106
ECFP4_0751	1	6078	1105
ECFP4_1254	1	6074	1104
ECFP4_1346	1	6065	1103
ECFP4_1436	-1	6063	1102
ECFP4_0456	-1	6055	1101
ECFP4_1417	-1	6049	1100
ECFP4_0345	1	6035	1099
ECFP4_0762	1	6032	1098
ECFP4_0778	1	6030	1097
ECFP4_0289	1	6021	1096
ECFP4_1730	1	6020	1095
ECFP4_0360	1	6010	1093
ECFP4_1607	-1	6010	1093
ECFP4_1933	1	6008	1092
ECFP4_1955	-1	6004	1091
ECFP4_0951	-1	6001	1090
ECFP4_0769	1	6000	1089
ECFP4_1856	-1	5998	1088
ECFP4_0603	-1	5992	1087
ECFP4_0362	1	5978	1086
ECFP4_1501	1	5976	1085
ECFP4_1192	1	5974	1084
ECFP4_0767	1	5969	1083
ECFP4_1405	1	5951	1082
ECFP4_0376	1	5950	1081
ECFP4_1042	1	5940	1080
ECFP4_1767	1	5934	1079
ECFP4_0460	-1	5926	1078
ECFP4_1435	1	5925	1077
ECFP4_0247	1	5911	1076
ECFP4_0852	1	5910	1075
ECFP4_1125	1	5902	1074
ECFP4_0209	-1	5900	1073
ECFP4_1993	-1	5896	1072
ECFP4_0615	-1	5895	1071
ECFP4_1091	1	5886	1070
ECFP4_1965	1	5884	1069
ECFP4_1359	1	5882	1068
ECFP4_1427	-1	5879	1067
ECFP4_0163	1	5877	1065
ECFP4_1637	-1	5877	1065
ECFP4_1228	1	5873	1064
ECFP4_0297	1	5872	1063
ECFP4_1058	-1	5871	1061
ECFP4_1271	1	5871	1061
ECFP4_1374	-1	5866	1060
ECFP4_1202	1	5860	1059
ECFP4_1352	1	5850	1058
ECFP4_0492	1	5847	1057
ECFP4_1313	1	5845	1055
ECFP4_1517	-1	5845	1055
ECFP4_0522	1	5829	1054
ECFP4_0036	1	5816	1053
ECFP4_1293	1	5813	1052
ECFP4_0890	1	5810	1050
ECFP4_1863	1	5810	1050
ECFP4_1030	1	5807	1049
ECFP4_0251	1	5806	1047
ECFP4_1712	-1	5806	1047
ECFP4_0278	1	5801	1045
ECFP4_0714	1	5801	1045
ECFP4_1847	-1	5794	1044
ECFP4_0864	-1	5792	1043
ECFP4_1474	1	5780	1042
ECFP4_1835	1	5776	1041
ECFP4_1961	1	5771	1040
ECFP4_0728	-1	5766	1039
ECFP4_1283	-1	5764	1038
ECFP4_1593	1	5758	1037
ECFP4_0210	1	5751	1036
ECFP4_2040	1	5748	1035
ECFP4_1930	1	5744	1034
ECFP4_1446	1	5743	1033
ECFP4_0323	1	5739	1032
ECFP4_0804	-1	5736	1031
ECFP4_1689	-1	5735	1030
ECFP4_0792	1	5730	1029
ECFP4_0680	-1	5709	1028
ECFP4_0484	-1	5706	1027
ECFP4_0501	-1	5703	1026
ECFP4_1827	1	5689	1025
ECFP4_0868	1	5687	1024
ECFP4_1279	-1	5686	1022
ECFP4_1789	1	5686	1022
ECFP4_0995	1	5682	1020
ECFP4_1763	1	5682	1020
ECFP4_1456	-1	5678	1019
ECFP4_0960	1	5674	1018
ECFP4_1430	1	5669	1017
ECFP4_0006	1	5666	1016
ECFP4_0221	-1	5659	1015
ECFP4_0803	-1	5652	1014
ECFP4_0989	1	5651	1013
ECFP4_0228	1	5650	1012
ECFP4_0819	-1	5644	1011
ECFP4_1502	1	5640	1010
ECFP4_0270	-1	5634	1009
ECFP4_0167	1	5633	1008
ECFP4_1875	1	5628	1007
ECFP4_0701	-1	5625	1005
ECFP4_1499	-1	5625	1005
ECFP4_0593	1	5623	1003
ECFP4_1706	-1	5623	1003
ECFP4_0746	1	5622	1002
ECFP4_1082	1	5621	1001
ECFP4_1242	1	5620	999
ECFP4_1915	-1	5620	999
ECFP4_0046	1	5617	998
ECFP4_0553	1	5615	996
ECFP4_1198	1	5615	996
ECFP4_0886	-1	5614	995
ECFP4_1179	1	5612	994
ECFP4_0404	-1	5609	993
ECFP4_0965	1	5608	992
ECFP4_0354	1	5607	991
ECFP4_1397	1	5604	990
ECFP4_0343	1	5601	989
ECFP4_1188	1	5600	988
ECFP4_0485	1	5599	987
ECFP4_0546	1	5598	986
ECFP4_0930	1	5596	985
ECFP4_1016	1	5591	984
ECFP4_0285	-1	5590	983
ECFP4_0104	-1	5578	982
ECFP4_1079	-1	5575	981
ECFP4_0063	1	5573	980
ECFP4_1894	1	5569	979
ECFP4_1378	1	5566	978
ECFP4_0394	-1	5562	977
ECFP4_1807	1	5558	976
ECFP4_1301	1	5555	975
ECFP4_0126	1	5553	974
ECFP4_0472	1	5548	973
ECFP4_1084	-1	5546	972
ECFP4_1821	1	5542	971
ECFP4_1524	1	5539	970
ECFP4_0649	1	5538	969
ECFP4_0295	-1	5525	968
ECFP4_1641	1	5523	967
ECFP4_0089	1	5516	966
ECFP4_1746	1	5511	965
ECFP4_0096	1	5507	964
ECFP4_1234	1	5506	963
ECFP4_0152	1	5499	961
ECFP4_0712	1	5499	961
ECFP4_0949	1	5495	960
ECFP4_1413	1	5486	959
ECFP4_0032	1	5476	958
ECFP4_0983	1	5453	956
ECFP4_2012	1	5453	956
ECFP4_0065	1	5444	955
ECFP4_1414	1	5443	954
ECFP4_0361	1	5442	953
ECFP4_0538	1	5441	952
ECFP4_0797	-1	5439	951
ECFP4_0143	-1	5437	950
ECFP4_0048	-1	5435	948
ECFP4_0779	1	5435	948
ECFP4_0426	-1	5434	947
ECFP4_0481	-1	5431	946
ECFP4_1565	1	5430	945
ECFP4_1496	1	5427	944
ECFP4_1663	1	5421	943
ECFP4_1545	-1	5413	942
ECFP4_1047	1	5410	941
ECFP4_1411	1	5408	940
ECFP4_1530	1	5403	939
ECFP4_0051	1	5402	938
ECFP4_1098	1	5388	937
ECFP4_0155	-1	5381	936
ECFP4_1903	-1	5377	935
ECFP4_1792	-1	5374	934
ECFP4_1209	-1	5370	933
ECFP4_0156	1	5368	932
ECFP4_1672	1	5364	931
ECFP4_0272	1	5363	930
ECFP4_1081	1	5348	929
ECFP4_0382	1	5342	928
ECFP4_0277	-1	5339	927
ECFP4_1424	-1	5326	926
ECFP4_0829	1	5325	925
ECFP4_1461	1	5317	924
ECFP4_0409	1	5314	923
ECFP4_0000	1	5311	922
ECFP4_0754	-1	5305	919
ECFP4_1358	1	5305	919
ECFP4_1571	1	5305	919
ECFP4_1377	1	5303	917
ECFP4_1973	1	5303	917
ECFP4_0018	-1	5297	916
ECFP4_0421	1	5296	915
ECFP4_1120	1	5293	914
ECFP4_1087	1	5287	913
ECFP4_0340	1	5282	912
ECFP4_1867	-1	5279	911
ECFP4_1732	1	5273	909
ECFP4_1802	1	5273	909
ECFP4_0201	1	5269	908
ECFP4_1625	1	5263	907
ECFP4_1528	1	5260	906
ECFP4_1621	1	5253	905
ECFP4_0332	-1	5250	903
ECFP4_1642	-1	5250	903
ECFP4_0052	1	5244	902
ECFP4_1630	1	5239	901
ECFP4_0761	1	5232	900
ECFP4_1148	1	5227	899
ECFP4_0004	-1	5224	898
ECFP4_2017	1	5222	897
ECFP4_0054	1	5221	896
ECFP4_0506	-1	5217	895
ECFP4_1568	-1	5215	894
ECFP4_0286	1	5209	893
ECFP4_0356	1	5203	891
ECFP4_0780	1	5203	891
ECFP4_1297	1	5199	889
ECFP4_1612	1	5199	889
ECFP4_1577	-1	5198	888
ECFP4_0290	-1	5192	886
ECFP4_0623	1	5192	886
ECFP4_0639	1	5191	885
ECFP4_0186	1	5189	883
ECFP4_0254	-1	5189	883
ECFP4_0428	-1	5188	882
ECFP4_0469	-1	5186	881
ECFP4_0568	1	5185	880
ECFP4_0765	1	5184	879
ECFP4_1787	1	5182	878
ECFP4_1167	-1	5180	877
ECFP4_0299	1	5176	876
ECFP4_0513	1	5175	875
ECFP4_1116	1	5171	874
ECFP4_1859	1	5170	873
ECFP4_0657	1	5169	872
ECFP4_1686	-1	5168	871
ECFP4_0911	-1	5167	870
ECFP4_1296	1	5165	869
ECFP4_1445	1	5154	868
ECFP4_0589	1	5141	864
ECFP4_1426	1	5141	864
ECFP4_1912	-1	5141	864
ECFP4_2015	1	5141	864
ECFP4_1710	1	5140	863
ECFP4_1262	-1	5136	862
ECFP4_0498	1	5130	861
ECFP4_0731	1	5107	860
ECFP4_1864	1	5101	859
ECFP4_0971	1	5099	858
ECFP4_0101	1	5092	856
ECFP4_1605	-1	5092	856
ECFP4_1399	-1	5086	855
ECFP4_1622	1	5074	854
ECFP4_1839	-1	5073	853
ECFP4_0085	1	5058	852
ECFP4_0611	1	5057	851
ECFP4_0121	-1	5056	849
ECFP4_1590	-1	5056	849
ECFP4_0293	1	5054	848
ECFP4_1529	1	5049	847
ECFP4_1355	1	5046	846
ECFP4_1656	1	5026	845
ECFP4_1479	1	5015	844
ECFP4_1633	-1	5013	843
ECFP4_1778	1	5009	842
ECFP4_0020	1	5006	841
ECFP4_0648	1	5003	839
ECFP4_1110	-1	5003	839
ECFP4_0123	-1	4999	838
ECFP4_1505	1	4996	836
ECFP4_1676	1	4996	836
ECFP4_0931	1	4994	834
ECFP4_2014	1	4994	834
ECFP4_1609	1	4988	833
ECFP4_0185	1	4982	832
ECFP4_1423	-1	4980	831
ECFP4_1009	1	4975	830
ECFP4_1845	-1	4971	829
ECFP4_1752	1	4966	828
ECFP4_0082	1	4962	827
ECFP4_1822	1	4954	826
ECFP4_1661	-1	4936	825
ECFP4_1099	-1	4931	824
ECFP4_0263	1	4930	823
ECFP4_2019	1	4925	822
ECFP4_1649	-1	4922	821
ECFP4_0275	1	4920	819
ECFP4_1033	1	4920	819
ECFP4_0087	1	4918	818
ECFP4_0880	1	4914	817
ECFP4_0458	1	4913	816
ECFP4_1678	-1	4905	815
ECFP4_1600	1	4893	814
ECFP4_0265	-1	4891	813
ECFP4_1227	1	4889	812
ECFP4_1906	1	4888	811
ECFP4_0806	1	4883	808
ECFP4_0948	1	4883	808
ECFP4_1772	1	4883	808
ECFP4_0365	-1	4882	806
ECFP4_1704	1	4882	806
ECFP4_1138	-1	4880	805
ECFP4_0564	-1	4874	803
ECFP4_1232	-1	4874	803
ECFP4_0161	1	4871	802
ECFP4_0696	1	4870	801
ECFP4_0882	1	4866	799
ECFP4_0917	-1	4866	799
ECFP4_0592	1	4864	798
ECFP4_1214	-1	4862	797
ECFP4_0303	-1	4860	796
ECFP4_0586	-1	4859	794
ECFP4_1420	-1	4859	794
ECFP4_1100	-1	4855	793
ECFP4_1197	-1	4847	792
ECFP4_1588	1	4843	791
ECFP4_1155	-1	4839	790
ECFP4_0866	1	4837	789
ECFP4_0733	-1	4835	788
ECFP4_1516	1	4834	787
ECFP4_1643	1	4832	785
ECFP4_1819	-1	4832	785
ECFP4_1008	1	4831	784
ECFP4_0311	-1	4826	783
ECFP4_0017	-1	4822	782
ECFP4_0582	1	4820	781
ECFP4_0208	1	4817	780
ECFP4_0720	1	4814	779
ECFP4_1918	-1	4806	778
ECFP4_0988	1	4789	777
ECFP4_0083	1	4786	776
ECFP4_1015	-1	4781	775
ECFP4_1595	1	4777	774
ECFP4_1644	1	4776	773
ECFP4_1715	-1	4775	772
ECFP4_1187	1	4771	771
ECFP4_0977	-1	4760	770
ECFP4_1247	1	4758	769
ECFP4_0853	1	4744	768
ECFP4_1454	1	4743	767
ECFP4_1093	1	4733	766
ECFP4_0929	1	4729	765
ECFP4_0871	1	4723	764
ECFP4_1790	-1	4721	763
ECFP4_1191	1	4719	762
ECFP4_1221	-1	4717	761
ECFP4_0621	-1	4714	760
ECFP4_1944	1	4713	759
ECFP4_0716	-1	4711	758
ECFP4_0019	-1	4710	757
ECFP4_1289	1	4709	756
ECFP4_0796	1	4707	755
ECFP4_1992	-1	4696	754
ECFP4_0532	-1	4691	753
ECFP4_1935	-1	4688	752
ECFP4_0433	-1	4682	751
ECFP4_1092	1	4679	750
ECFP4_1700	-1	4676	749
ECFP4_1395	1	4672	748
ECFP4_0296	1	4668	747
ECFP4_0604	1	4665	746
ECFP4_0493	1	4662	745
ECFP4_1811	1	4649	744
ECFP4_1153	-1	4638	743
ECFP4_0817	1	4637	742
ECFP4_0727	1	4631	741
ECFP4_0363	-1	4624	740
ECFP4_0045	-1	4619	739
ECFP4_0608	1	4611	738
ECFP4_0740	1	4606	737
ECFP4_1142	1	4603	736
ECFP4_0037	1	4601	735
ECFP4_1071	1	4599	734
ECFP4_0364	-1	4592	733
ECFP4_1024	-1	4591	732
ECFP4_1964	1	4585	731
ECFP4_0192	1	4583	729
ECFP4_1215	1	4583	729
ECFP4_0461	-1	4580	728
ECFP4_0825	1	4579	727
ECFP4_0600	-1	4578	725
ECFP4_0906	-1	4578	725
ECFP4_0390	1	4577	724
ECFP4_0876	1	4566	722
ECFP4_1826	1	4566	722
ECFP4_0007	1	4553	720
ECFP4_0436	1	4553	720
ECFP4_0056	1	4552	719
ECFP4_2047	1	4549	718
ECFP4_1865	-1	4548	717
ECFP4_1834	-1	4547	716
ECFP4_0764	-1	4546	714
ECFP4_1858	-1	4546	714
ECFP4_1877	-1	4540	713
ECFP4_0300	1	4526	712
ECFP4_0313	1	4524	711
ECFP4_0730	1	4523	710
ECFP4_1273	-1	4514	708
ECFP4_1857	1	4514	708
ECFP4_1316	1	4510	707
ECFP4_0605	-1	4500	706
ECFP4_0062	-1	4498	705
ECFP4_0578	1	4497	704
ECFP4_0151	1	4492	702
ECFP4_0952	-1	4492	702
ECFP4_1127	1	4488	701
ECFP4_1371	1	4487	700
ECFP4_0964	-1	4486	698
ECFP4_1383	1	4486	698
ECFP4_1284	-1	4482	697
ECFP4_1513	-1	4478	696
ECFP4_0744	1	4467	694
ECFP4_2008	-1	4467	694
ECFP4_0489	1	4461	693
ECFP4_0916	-1	4455	691
ECFP4_1515	1	4455	691
ECFP4_0457	1	4446	690
ECFP4_1881	1	4440	689
ECFP4_1466	-1	4439	688
ECFP4_1931	1	4437	687
ECFP4_0784	-1	4429	686
ECFP4_1113	1	4425	685
ECFP4_0435	1	4416	683
ECFP4_1768	-1	4416	683
ECFP4_1364	1	4411	682
ECFP4_0173	1	4410	681
ECFP4_1207	1	4401	680
ECFP4_1211	-1	4400	679
ECFP4_0040	1	4392	678
ECFP4_0671	1	4391	677
ECFP4_1512	-1	4388	676
ECFP4_1069	1	4386	675
ECFP4_1299	-1	4385	673
ECFP4_1957	1	4385	673
ECFP4_0990	1	4383	672
ECFP4_0059	1	4372	671
ECFP4_0074	-1	4370	670
ECFP4_0182	1	4364	669
ECFP4_0519	1	4360	668
ECFP4_1049	1	4358	667
ECFP4_1290	1	4356	666
ECFP4_1287	1	4353	665
ECFP4_1306	1	4352	664
ECFP4_0579	-1	4348	663
ECFP4_0515	1	4344	662
ECFP4_0380	-1	4343	660
ECFP4_0985	1	4343	660
ECFP4_1862	1	4327	659
ECFP4_1596	1	4325	658
ECFP4_1112	1	4308	657
ECFP4_0220	1	4298	655
ECFP4_2011	1	4298	655
ECFP4_1907	1	4283	654
ECFP4_1337	1	4281	653
ECFP4_0551	-1	4280	652
ECFP4_0867	-1	4279	651
ECFP4_0298	-1	4277	650
ECFP4_1614	1	4276	649
ECFP4_0633	1	4274	648
ECFP4_1404	1	4270	647
ECFP4_1640	-1	4268	646
ECFP4_0274	1	4267	645
ECFP4_0833	-1	4253	644
ECFP4_1854	1	4243	643
ECFP4_0174	1	4229	642
ECFP4_0109	1	4224	641
ECFP4_1421	1	4223	640
ECFP4_1046	1	4222	638
ECFP4_1217	1	4222	638
ECFP4_1281	1	4220	637
ECFP4_1996	-1	4218	636
ECFP4_0175	1	4216	634
ECFP4_0972	1	4216	634
ECFP4_0555	1	4209	633
ECFP4_1976	-1	4207	632
ECFP4_1924	1	4204	631
ECFP4_0401	1	4202	630
ECFP4_0943	1	4201	629
ECFP4_1173	-1	4190	628
ECFP4_0431	1	4189	627
ECFP4_0329	1	4186	626
ECFP4_1833	1	4177	625
ECFP4_0503	-1	4174	624
ECFP4_0153	1	4163	623
ECFP4_2035	-1	4160	622
ECFP4_1728	1	4152	621
ECFP4_1887	1	4151	620
ECFP4_1050	1	4148	619
ECFP4_1629	1	4140	618
ECFP4_0959	-1	4138	617
ECFP4_1495	1	4129	616
ECFP4_1144	-1	4118	615
ECFP4_1868	1	4106	614
ECFP4_0112	-1	4105	613
ECFP4_0783	-1	4103	612
ECFP4_1702	1	4097	611
ECFP4_0315	-1	4093	609
ECFP4_0663	1	4093	609
ECFP4_0565	1	4092	608
ECFP4_1948	-1	4090	607
ECFP4_0872	1	4088	606
ECFP4_1936	1	4083	605
ECFP4_0827	-1	4082	604
ECFP4_0707	1	4081	603
ECFP4_1889	1	4077	602
ECFP4_0826	1	4074	601
ECFP4_0400	-1	4073	600
ECFP4_1149	-1	4066	599
ECFP4_0912	1	4064	598
ECFP4_0669	1	4052	597
ECFP4_1165	1	4046	596
ECFP4_1073	1	4042	595
ECFP4_0642	-1	4036	594
ECFP4_1749	-1	4035	593
ECFP4_0537	1	4034	591
ECFP4_0683	1	4034	591
ECFP4_1266	-1	4032	590
ECFP4_0099	-1	4026	588
ECFP4_0266	1	4026	588
ECFP4_0752	1	4023	586
ECFP4_1051	1	4023	586
ECFP4_0946	-1	4017	585
ECFP4_1653	-1	4015	584
ECFP4_1253	-1	4012	583
ECFP4_1860	-1	4011	582
ECFP4_1579	1	4010	580
ECFP4_1914	1	4010	580
ECFP4_1836	1	4003	579
ECFP4_1654	1	3999	578
ECFP4_0408	-1	3998	577
ECFP4_1994	1	3990	576
ECFP4_0308	1	3989	575
ECFP4_0704	1	3985	574
ECFP4_1694	1	3967	573
ECFP4_0179	-1	3965	572
ECFP4_0509	1	3956	571
ECFP4_0533	-1	3954	569
ECFP4_0626	-1	3954	569
ECFP4_0539	-1	3949	568
ECFP4_1717	-1	3948	566
ECFP4_1829	1	3948	566
ECFP4_1986	1	3947	565
ECFP4_0268	-1	3934	564
ECFP4_0636	1	3928	563
ECFP4_0678	1	3926	562
ECFP4_0223	1	3920	561
ECFP4_1549	1	3917	560
ECFP4_0250	-1	3914	559
ECFP4_1472	-1	3906	558
ECFP4_1547	1	3904	557
ECFP4_0097	-1	3902	556
ECFP4_1161	1	3901	555
ECFP4_1932	1	3899	554
ECFP4_0267	1	3893	553
ECFP4_1830	-1	3890	552
ECFP4_1680	-1	3878	551
ECFP4_0203	1	3871	550
ECFP4_1546	1	3867	549
ECFP4_1328	1	3863	548
ECFP4_0595	1	3858	547
ECFP4_1465	1	3856	546
ECFP4_0321	-1	3855	544
ECFP4_1503	-1	3855	544
ECFP4_0575	1	3847	543
ECFP4_0549	1	3846	542
ECFP4_0035	1	3842	540
ECFP4_0850	1	3842	540
ECFP4_1263	1	3837	539
ECFP4_1610	1	3831	538
ECFP4_0857	-1	3827	537
ECFP4_1061	1	3825	536
ECFP4_1784	-1	3822	535
ECFP4_1534	1	3812	534
ECFP4_1888	1	3803	533
ECFP4_0133	1	3791	532
ECFP4_1776	1	3789	531
ECFP4_1759	-1	3788	530
ECFP4_1675	1	3787	529
ECFP4_0979	1	3786	528
ECFP4_0928	1	3781	527
ECFP4_1519	1	3773	526
ECFP4_1012	1	3771	525
ECFP4_1335	1	3770	524
ECFP4_1660	1	3769	523
ECFP4_0166	1	3765	522
ECFP4_0399	1	3760	519
ECFP4_1269	1	3760	519
ECFP4_2042	1	3760	519
ECFP4_1626	1	3757	518
ECFP4_0475	-1	3756	517
ECFP4_1276	1	3753	516
ECFP4_0115	-1	3734	515
ECFP4_1570	-1	3732	512
ECFP4_1997	-1	3732	512
ECFP4_2044	-1	3732	512
ECFP4_0449	1	3729	511
ECFP4_0088	1	3727	510
ECFP4_0687	1	3726	509
ECFP4_0643	1	3724	508
ECFP4_0860	1	3716	507
ECFP4_0049	1	3707	506
ECFP4_0226	-1	3702	505
ECFP4_0632	1	3701	503
ECFP4_0741	1	3701	503
ECFP4_1327	1	3698	502
ECFP4_1350	1	3697	501
ECFP4_0627	1	3695	499
ECFP4_1473	-1	3695	499
ECFP4_1412	1	3691	498
ECFP4_0342	1	3690	497
ECFP4_0499	-1	3680	496
ECFP4_1815	-1	3676	495
ECFP4_1256	-1	3675	494
ECFP4_1111	1	3672	493
ECFP4_1361	1	3669	492
ECFP4_0550	-1	3666	491
ECFP4_1086	1	3659	490
ECFP4_0510	-1	3655	489
ECFP4_1707	1	3654	488
ECFP4_1324	1	3651	487
ECFP4_0271	-1	3649	486
ECFP4_1743	1	3646	485
ECFP4_1068	-1	3640	483
ECFP4_1828	-1	3640	483
ECFP4_1067	1	3634	481
ECFP4_1379	-1	3634	481
ECFP4_0630	1	3629	479
ECFP4_1527	-1	3629	479
ECFP4_1007	1	3624	478
ECFP4_1719	-1	3621	477
ECFP4_0908	-1	3620	476
ECFP4_0282	-1	3611	474
ECFP4_1651	-1	3611	474
ECFP4_0793	1	3601	473
ECFP4_0372	1	3599	472
ECFP4_0617	-1	3596	471
ECFP4_1966	-1	3594	470
ECFP4_0095	-1	3586	469
ECFP4_0053	-1	3582	468
ECFP4_0379	-1	3572	467
ECFP4_1514	-1	3567	466
ECFP4_0009	-1	3564	465
ECFP4_1531	1	3562	464
ECFP4_1899	1	3558	463
ECFP4_0100	1	3554	462
ECFP4_0700	1	3549	459
ECFP4_0847	-1	3549	459
ECFP4_1872	1	3549	459
ECFP4_0682	1	3539	458
ECFP4_2001	1	3533	457
ECFP4_1244	-1	3516	456
ECFP4_1044	1	3512	455
ECFP4_0348	1	3510	454
ECFP4_1521	-1	3507	453
ECFP4_1947	1	3501	452
ECFP4_1846	1	3498	451
ECFP4_0450	1	3496	450
ECFP4_0488	1	3495	449
ECFP4_1150	-1	3492	448
ECFP4_1489	1	3486	447
ECFP4_0158	1	3484	446
ECFP4_0670	1	3480	445
ECFP4_2025	1	3478	444
ECFP4_1074	1	3476	443
ECFP4_0388	-1	3467	442
ECFP4_0620	1	3464	441
ECFP4_0590	-1	3463	440
ECFP4_0068	-1	3462	439
ECFP4_1913	1	3457	438
ECFP4_0336	1	3452	437
ECFP4_0799	-1	3451	436
ECFP4_1396	-1	3444	435
ECFP4_1104	-1	3440	434
ECFP4_1216	1	3438	433
ECFP4_0353	1	3434	431
ECFP4_0958	1	3434	431
ECFP4_1967	1	3430	430
ECFP4_1739	1	3427	429
ECFP4_0181	1	3425	428
ECFP4_2013	-1	3422	427
ECFP4_1311	-1	3419	426
ECFP4_0534	1	3416	423
ECFP4_1133	1	3416	423
ECFP4_1667	-1	3416	423
ECFP4_1193	-1	3411	422
ECFP4_1303	1	3408	421
ECFP4_1341	-1	3407	420
ECFP4_0723	1	3403	419
ECFP4_1774	-1	3401	418
ECFP4_0214	-1	3400	417
ECFP4_0149	-1	3394	416
ECFP4_1041	1	3393	415
ECFP4_0904	1	3391	414
ECFP4_0535	1	3389	412
ECFP4_1205	1	3389	412
ECFP4_0038	-1	3386	411
ECFP4_0189	1	3380	410
ECFP4_0702	1	3379	409
ECFP4_1601	1	3360	408
ECFP4_0729	1	3356	406
ECFP4_1478	1	3356	406
ECFP4_1402	-1	3349	405
ECFP4_0542	1	3345	404
ECFP4_0357	1	3343	403
ECFP4_0685	-1	3335	402
ECFP4_0584	1	3325	400
ECFP4_0722	1	3325	400
ECFP4_0877	1	3318	399
ECFP4_1666	1	3315	398
ECFP4_0768	-1	3314	396
ECFP4_1389	-1	3314	396
ECFP4_1987	1	3311	395
ECFP4_1372	1	3307	394
ECFP4_1983	-1	3297	393
ECFP4_0070	1	3295	392
ECFP4_0411	1	3283	391
ECFP4_1548	1	3282	390
ECFP4_1498	1	3280	389
ECFP4_1701	1	3276	388
ECFP4_1758	1	3268	387
ECFP4_1422	1	3267	386
ECFP4_1336	1	3264	385
ECFP4_1540	-1	3260	384
ECFP4_1463	1	3256	383
ECFP4_1484	1	3252	382
ECFP4_1681	1	3247	381
ECFP4_0921	-1	3238	380
ECFP4_0637	1	3237	379
ECFP4_0194	1	3230	378
ECFP4_1348	-1	3229	377
ECFP4_1995	1	3228	376
ECFP4_0195	1	3212	375
ECFP4_0355	-1	3211	374
ECFP4_1331	1	3197	373
ECFP4_1425	1	3194	372
ECFP4_0823	1	3188	371
ECFP4_0892	-1	3183	370
ECFP4_0613	1	3176	367
ECFP4_1652	1	3176	367
ECFP4_1711	1	3176	367
ECFP4_1794	-1	3174	366
ECFP4_1952	1	3155	365
ECFP4_0973	1	3152	364
ECFP4_1761	1	3146	363
ECFP4_0047	1	3139	361
ECFP4_0406	1	3139	361
ECFP4_0479	1	3131	360
ECFP4_0138	-1	3127	359
ECFP4_1979	1	3125	358
ECFP4_0198	1	3122	356
ECFP4_1812	-1	3122	356
ECFP4_0234	1	3115	355
ECFP4_0688	1	3110	354
ECFP4_1353	1	3105	353
ECFP4_1393	-1	3104	352
ECFP4_0128	-1	3101	349
ECFP4_0240	-1	3101	349
ECFP4_1108	-1	3101	349
ECFP4_1594	-1	3073	348
ECFP4_0993	1	3072	347
ECFP4_1176	-1	3070	346
ECFP4_1618	-1	3067	345
ECFP4_0358	-1	3060	344
ECFP4_0011	1	3052	343
ECFP4_0264	1	3046	342
ECFP4_0530	-1	3044	341
ECFP4_0870	-1	3037	340
ECFP4_0691	1	3035	338
ECFP4_1206	-1	3035	338
ECFP4_1156	-1	3029	337
ECFP4_1698	1	3019	336
ECFP4_1140	-1	3012	335
ECFP4_1566	1	3009	334
ECFP4_0398	1	3005	333
ECFP4_1736	1	3003	332
ECFP4_1684	-1	3001	331
ECFP4_1220	-1	2991	330
ECFP4_0279	1	2986	329
ECFP4_0941	1	2985	328
ECFP4_0349	-1	2979	326
ECFP4_1916	1	2979	326
ECFP4_1330	1	2973	325
ECFP4_1734	-1	2969	324
ECFP4_0975	1	2965	323
ECFP4_0139	1	2964	322
ECFP4_1777	-1	2958	321
ECFP4_0442	1	2954	320
ECFP4_0705	1	2953	319
ECFP4_0894	1	2952	317
ECFP4_1376	1	2952	317
ECFP4_0476	-1	2948	316
ECFP4_1415	1	2946	315
ECFP4_0452	1	2937	313
ECFP4_1343	-1	2937	313
ECFP4_1175	-1	2936	312
ECFP4_0721	-1	2928	311
ECFP4_1945	1	2921	310
ECFP4_1733	1	2914	309
ECFP4_0645	-1	2913	306
ECFP4_1560	1	2913	306
ECFP4_1561	-1	2913	306
ECFP4_0955	1	2899	305
ECFP4_1962	1	2896	304
ECFP4_0893	-1	2890	303
ECFP4_1800	-1	2888	302
ECFP4_2046	1	2887	301
ECFP4_0749	1	2885	300
ECFP4_0178	1	2882	299
ECFP4_0071	1	2875	298
ECFP4_1757	1	2874	297
ECFP4_0934	-1	2873	296
ECFP4_0304	1	2861	295
ECFP4_1185	1	2853	294
ECFP4_0777	-1	2848	293
ECFP4_0662	1	2845	291
ECFP4_1942	-1	2845	291
ECFP4_0176	1	2837	290
ECFP4_0024	1	2822	289
ECFP4_1438	1	2818	288
ECFP4_1117	1	2816	287
ECFP4_1893	-1	2813	286
ECFP4_1251	-1	2812	285
ECFP4_0137	1	2807	283
ECFP4_1375	1	2807	283
ECFP4_1059	1	2804	282
ECFP4_1520	-1	2801	280
ECFP4_1788	1	2801	280
ECFP4_0927	-1	2783	278
ECFP4_1491	-1	2783	278
ECFP4_0135	1	2773	277
ECFP4_0459	-1	2771	276
ECFP4_0445	-1	2768	275
ECFP4_1559	1	2767	274
ECFP4_2003	1	2759	273
ECFP4_0154	-1	2746	272
ECFP4_0516	1	2738	271
ECFP4_0945	-1	2737	270
ECFP4_0962	1	2730	269
ECFP4_1576	1	2728	268
ECFP4_0188	1	2717	267
ECFP4_0735	-1	2716	266
ECFP4_0856	1	2715	265
ECFP4_1785	1	2714	264
ECFP4_0402	-1	2710	263
ECFP4_2006	1	2706	262
ECFP4_1580	-1	2705	261
ECFP4_0646	1	2703	259
ECFP4_1302	1	2703	259
ECFP4_1014	1	2702	258
ECFP4_1477	-1	2699	257
ECFP4_1848	-1	2697	256
ECFP4_0795	1	2694	255
ECFP4_1895	1	2686	254
ECFP4_1451	1	2685	253
ECFP4_0697	1	2642	252
ECFP4_0580	1	2641	251
ECFP4_1401	-1	2636	250
ECFP4_1240	-1	2634	249
ECFP4_1639	1	2633	248
ECFP4_0839	1	2630	247
ECFP4_0432	1	2626	245
ECFP4_0969	1	2626	245
ECFP4_1458	1	2618	244
ECFP4_1300	-1	2615	243
ECFP4_0660	1	2611	242
ECFP4_0055	1	2607	239
ECFP4_0420	1	2607	239
ECFP4_1356	1	2607	239
ECFP4_1345	1	2601	238
ECFP4_1429	1	2600	237
ECFP4_0698	1	2594	236
ECFP4_0848	-1	2590	235
ECFP4_1204	1	2581	234
ECFP4_1850	1	2580	233
ECFP4_1925	1	2577	232
ECFP4_1543	1	2565	231
ECFP4_1870	1	2561	230
ECFP4_0925	-1	2560	229
ECFP4_0709	1	2558	228
ECFP4_1902	1	2557	227
ECFP4_0939	1	2547	226
ECFP4_0774	1	2539	225
ECFP4_1553	-1	2534	224
ECFP4_1064	-1	2529	223
ECFP4_1490	1	2526	222
ECFP4_1843	-1	2523	221
ECFP4_0330	-1	2515	220
ECFP4_0202	1	2514	219
ECFP4_1400	1	2513	218
ECFP4_0844	-1	2506	217
ECFP4_0259	1	2490	216
ECFP4_1558	1	2481	215
ECFP4_0572	1	2479	214
ECFP4_0873	1	2478	213
ECFP4_0933	1	2476	212
ECFP4_0851	1	2464	211
ECFP4_1139	1	2461	210
ECFP4_1122	1	2456	209
ECFP4_1196	1	2455	208
ECFP4_0788	1	2453	207
ECFP4_0536	1	2452	206
ECFP4_0468	-1	2451	205
ECFP4_1896	1	2450	204
ECFP4_1194	1	2443	203
ECFP4_1131	1	2436	202
ECFP4_0480	1	2432	200
ECFP4_1658	1	2432	200
ECFP4_0869	-1	2428	199
ECFP4_1494	1	2423	198
ECFP4_0653	-1	2415	197
ECFP4_1177	1	2414	196
ECFP4_1130	1	2412	195
ECFP4_0818	-1	2409	194
ECFP4_1968	-1	2395	193
ECFP4_1620	-1	2390	192
ECFP4_0529	1	2381	191
ECFP4_0168	-1	2377	190
ECFP4_1237	-1	2371	189
ECFP4_1031	1	2367	188
ECFP4_1725	-1	2366	187
ECFP4_1880	1	2362	186
ECFP4_1687	1	2357	185
ECFP4_1606	1	2348	184
ECFP4_0337	1	2328	182
ECFP4_1713	-1	2328	182
ECFP4_1467	-1	2326	181
ECFP4_1798	-1	2324	180
ECFP4_1437	1	2314	179
ECFP4_1319	1	2307	178
ECFP4_0466	1	2298	177
ECFP4_0073	1	2295	176
ECFP4_1001	1	2291	175
ECFP4_2002	1	2285	174
ECFP4_1201	1	2279	173
ECFP4_0612	1	2276	172
ECFP4_0625	1	2273	171
ECFP4_1557	1	2272	170
ECFP4_0224	-1	2259	169
ECFP4_0737	1	2248	168
ECFP4_1040	-1	2245	167
ECFP4_0672	1	2243	166
ECFP4_1291	1	2232	165
ECFP4_0618	1	2227	163
ECFP4_0686	-1	2227	163
ECFP4_1469	1	2224	162
ECFP4_1219	-1	2219	161
ECFP4_1318	-1	2213	160
ECFP4_0443	1	2211	158
ECFP4_1636	-1	2211	158
ECFP4_1178	1	2210	157
ECFP4_0814	-1	2204	156
ECFP4_1525	-1	2196	155
ECFP4_0044	1	2193	154
ECFP4_1151	1	2189	153
ECFP4_1740	-1	2187	152
ECFP4_1158	1	2183	150
ECFP4_1370	-1	2183	150
ECFP4_1608	1	2173	149
ECFP4_0236	-1	2169	148
ECFP4_0525	-1	2168	146
ECFP4_1552	1	2168	146
ECFP4_1213	-1	2163	145
ECFP4_0477	1	2162	143
ECFP4_1988	1	2162	143
ECFP4_0902	-1	2143	142
ECFP4_0822	-1	2142	141
ECFP4_0756	-1	2122	139
ECFP4_1181	1	2122	139
ECFP4_0601	1	2116	138
ECFP4_1764	1	2091	137
ECFP4_0280	-1	2071	136
ECFP4_1304	-1	2069	135
ECFP4_1038	1	2066	134
ECFP4_0842	1	2056	133
ECFP4_0060	1	2051	132
ECFP4_1771	1	2042	131
ECFP4_1390	1	2036	130
ECFP4_0256	1	2026	129
ECFP4_0587	-1	2024	128
ECFP4_1623	1	2019	127
ECFP4_1107	1	2012	126
ECFP4_0058	-1	2007	125
ECFP4_0840	1	1995	124
ECFP4_0922	1	1981	123
ECFP4_0991	-1	1977	122
ECFP4_0953	1	1975	119
ECFP4_1095	-1	1975	119
ECFP4_1591	1	1975	119
ECFP4_1511	1	1974	118
ECFP4_0010	1	1973	116
ECFP4_1662	1	1973	116
ECFP4_0141	1	1958	115
ECFP4_2016	1	1948	114
ECFP4_1225	-1	1935	113
ECFP4_0307	1	1925	112
ECFP4_1616	1	1922	111
ECFP4_0144	1	1920	110
ECFP4_1258	1	1907	109
ECFP4_0505	1	1903	108
ECFP4_1278	-1	1902	107
ECFP4_0205	1	1889	104
ECFP4_1419	1	1889	104
ECFP4_1949	1	1889	104
ECFP4_1407	1	1882	103
ECFP4_1115	-1	1873	102
ECFP4_1583	1	1863	101
ECFP4_1471	1	1854	100
ECFP4_0150	1	1850	99
ECFP4_1709	1	1845	97
ECFP4_1938	1	1845	97
ECFP4_1106	-1	1838	96
ECFP4_0742	1	1822	95
ECFP4_1532	1	1813	94
ECFP4_1801	-1	1801	93
ECFP4_1483	-1	1798	92
ECFP4_0521	1	1796	91
ECFP4_1408	-1	1783	90
ECFP4_1841	1	1762	89
ECFP4_1572	-1	1757	88
ECFP4_0262	-1	1748	87
ECFP4_0966	1	1738	86
ECFP4_1036	-1	1733	85
ECFP4_1230	1	1714	84
ECFP4_1314	1	1702	83
ECFP4_0920	1	1695	82
ECFP4_0957	-1	1693	81
ECFP4_0673	1	1691	80
ECFP4_0136	1	1680	79
ECFP4_1555	1	1673	78
ECFP4_0127	1	1670	76
ECFP4_0976	-1	1670	76
ECFP4_0212	-1	1668	75
ECFP4_1797	1	1645	74
ECFP4_1433	1	1635	72
ECFP4_1584	1	1635	72
ECFP4_0424	1	1621	70
ECFP4_1315	-1	1621	70
ECFP4_0923	1	1618	69
ECFP4_0076	1	1577	68
ECFP4_0808	1	1564	67
ECFP4_1806	1	1558	66
ECFP4_1475	-1	1555	65
ECFP4_0015	1	1540	64
ECFP4_0651	1	1539	63
ECFP4_1793	-1	1535	62
ECFP4_1628	1	1525	61
ECFP4_0021	1	1523	60
ECFP4_0306	1	1517	59
ECFP4_2045	1	1489	58
ECFP4_1305	-1	1464	57
ECFP4_2043	-1	1457	56
ECFP4_0124	1	1446	55
ECFP4_0462	-1	1443	54
ECFP4_0599	1	1442	53
ECFP4_0415	-1	1428	52
ECFP4_1320	1	1406	51
ECFP4_0548	1	1403	50
ECFP4_0763	-1	1381	48
ECFP4_1780	1	1381	48
ECFP4_0631	1	1374	47
ECFP4_0324	1	1327	46
ECFP4_0919	1	1325	45
ECFP4_1592	1	1302	44
ECFP4_1428	1	1292	43
ECFP4_1886	-1	1272	42
ECFP4_0211	-1	1254	41
ECFP4_1805	-1	1239	40
ECFP4_1322	-1	1233	39
ECFP4_1551	1	1230	38
ECFP4_1585	1	1205	37
ECFP4_1674	1	1171	36
ECFP4_1078	1	1169	35
ECFP4_1252	1	1168	34
ECFP4_1668	1	1146	33
ECFP4_0938	1	1141	32
ECFP4_0571	1	1139	31
ECFP4_1782	1	1091	30
ECFP4_0805	1	1084	29
ECFP4_2024	1	1064	28
ECFP4_0810	1	1043	27
ECFP4_1023	1	1039	26
ECFP4_1360	1	1035	25
ECFP4_1882	1	1006	24
ECFP4_1143	-1	949	23
ECFP4_1541	1	939	22
ECFP4_0887	1	932	21
ECFP4_1223	-1	926	20
ECFP4_2027	-1	889	19
ECFP4_1786	1	875	18
ECFP4_0359	1	845	17
ECFP4_1259	-1	803	16
ECFP4_0830	1	767	15
ECFP4_1688	1	742	14
ECFP4_1556	-1	737	13
ECFP4_1720	-1	718	12
ECFP4_0467	-1	688	11
ECFP4_1977	1	632	10
ECFP4_0028	1	628	9
ECFP4_0465	-1	584	8
ECFP4_1927	-1	563	7
ECFP4_0897	1	508	6
ECFP4_0159	1	506	5
ECFP4_1222	1	480	4
ECFP4_1000	1	404	3
ECFP4_0064	1	370	2
ECFP4_1268	-1	309	1
